-- result using Manhattan Heuristic --

path from initial state to goal state:

 6 2 8 11
 3 0 12 4
 1 5 14 7
 9 10 13 15

 6 2 8 11
 0 3 12 4
 1 5 14 7
 9 10 13 15

 0 2 8 11
 6 3 12 4
 1 5 14 7
 9 10 13 15

 2 0 8 11
 6 3 12 4
 1 5 14 7
 9 10 13 15

 2 3 8 11
 6 0 12 4
 1 5 14 7
 9 10 13 15

 2 3 8 11
 0 6 12 4
 1 5 14 7
 9 10 13 15

 2 3 8 11
 1 6 12 4
 0 5 14 7
 9 10 13 15

 2 3 8 11
 1 6 12 4
 5 0 14 7
 9 10 13 15

 2 3 8 11
 1 6 12 4
 5 10 14 7
 9 0 13 15

 2 3 8 11
 1 6 12 4
 5 10 14 7
 9 13 0 15

 2 3 8 11
 1 6 12 4
 5 10 0 7
 9 13 14 15

 2 3 8 11
 1 6 0 4
 5 10 12 7
 9 13 14 15

 2 3 8 11
 1 6 4 0
 5 10 12 7
 9 13 14 15

 2 3 8 0
 1 6 4 11
 5 10 12 7
 9 13 14 15

 2 3 0 8
 1 6 4 11
 5 10 12 7
 9 13 14 15

 2 3 4 8
 1 6 0 11
 5 10 12 7
 9 13 14 15

 2 3 4 8
 1 6 11 0
 5 10 12 7
 9 13 14 15

 2 3 4 8
 1 6 11 7
 5 10 12 0
 9 13 14 15

 2 3 4 8
 1 6 11 7
 5 10 0 12
 9 13 14 15

 2 3 4 8
 1 6 0 7
 5 10 11 12
 9 13 14 15

 2 3 4 8
 1 6 7 0
 5 10 11 12
 9 13 14 15

 2 3 4 0
 1 6 7 8
 5 10 11 12
 9 13 14 15

 2 3 0 4
 1 6 7 8
 5 10 11 12
 9 13 14 15

 2 0 3 4
 1 6 7 8
 5 10 11 12
 9 13 14 15

 0 2 3 4
 1 6 7 8
 5 10 11 12
 9 13 14 15

 1 2 3 4
 0 6 7 8
 5 10 11 12
 9 13 14 15

 1 2 3 4
 5 6 7 8
 0 10 11 12
 9 13 14 15

 1 2 3 4
 5 6 7 8
 9 10 11 12
 0 13 14 15

 1 2 3 4
 5 6 7 8
 9 10 11 12
 13 0 14 15

 1 2 3 4
 5 6 7 8
 9 10 11 12
 13 14 0 15

 1 2 3 4
 5 6 7 8
 9 10 11 12
 13 14 15 0

total number of swaps: 30
total time taken (in nanoseconds): 50616910
total explored nodes (nodes in closedList): 2589

-- result using Misplacement Heuristic --

path from initial state to goal state:

 6 2 8 11
 3 0 12 4
 1 5 14 7
 9 10 13 15

 6 2 8 11
 0 3 12 4
 1 5 14 7
 9 10 13 15

 0 2 8 11
 6 3 12 4
 1 5 14 7
 9 10 13 15

 2 0 8 11
 6 3 12 4
 1 5 14 7
 9 10 13 15

 2 3 8 11
 6 0 12 4
 1 5 14 7
 9 10 13 15

 2 3 8 11
 0 6 12 4
 1 5 14 7
 9 10 13 15

 2 3 8 11
 1 6 12 4
 0 5 14 7
 9 10 13 15

 2 3 8 11
 1 6 12 4
 5 0 14 7
 9 10 13 15

 2 3 8 11
 1 6 12 4
 5 10 14 7
 9 0 13 15

 2 3 8 11
 1 6 12 4
 5 10 14 7
 9 13 0 15

 2 3 8 11
 1 6 12 4
 5 10 0 7
 9 13 14 15

 2 3 8 11
 1 6 0 4
 5 10 12 7
 9 13 14 15

 2 3 8 11
 1 6 4 0
 5 10 12 7
 9 13 14 15

 2 3 8 0
 1 6 4 11
 5 10 12 7
 9 13 14 15

 2 3 0 8
 1 6 4 11
 5 10 12 7
 9 13 14 15

 2 3 4 8
 1 6 0 11
 5 10 12 7
 9 13 14 15

 2 3 4 8
 1 6 11 0
 5 10 12 7
 9 13 14 15

 2 3 4 8
 1 6 11 7
 5 10 12 0
 9 13 14 15

 2 3 4 8
 1 6 11 7
 5 10 0 12
 9 13 14 15

 2 3 4 8
 1 6 0 7
 5 10 11 12
 9 13 14 15

 2 3 4 8
 1 6 7 0
 5 10 11 12
 9 13 14 15

 2 3 4 0
 1 6 7 8
 5 10 11 12
 9 13 14 15

 2 3 0 4
 1 6 7 8
 5 10 11 12
 9 13 14 15

 2 0 3 4
 1 6 7 8
 5 10 11 12
 9 13 14 15

 0 2 3 4
 1 6 7 8
 5 10 11 12
 9 13 14 15

 1 2 3 4
 0 6 7 8
 5 10 11 12
 9 13 14 15

 1 2 3 4
 5 6 7 8
 0 10 11 12
 9 13 14 15

 1 2 3 4
 5 6 7 8
 9 10 11 12
 0 13 14 15

 1 2 3 4
 5 6 7 8
 9 10 11 12
 13 0 14 15

 1 2 3 4
 5 6 7 8
 9 10 11 12
 13 14 0 15

 1 2 3 4
 5 6 7 8
 9 10 11 12
 13 14 15 0

total number of swaps: 30
total time taken (in nanoseconds): 6359876728
total explored nodes (nodes in closedList): 659852

-- result using Manhattan Heuristic --

path from initial state to goal state:

 5 1 3 12
 0 7 9 2
 6 10 15 4
 13 14 8 11

 5 1 3 12
 7 0 9 2
 6 10 15 4
 13 14 8 11

 5 1 3 12
 7 9 0 2
 6 10 15 4
 13 14 8 11

 5 1 3 12
 7 9 2 0
 6 10 15 4
 13 14 8 11

 5 1 3 0
 7 9 2 12
 6 10 15 4
 13 14 8 11

 5 1 0 3
 7 9 2 12
 6 10 15 4
 13 14 8 11

 5 1 2 3
 7 9 0 12
 6 10 15 4
 13 14 8 11

 5 1 2 3
 7 9 12 0
 6 10 15 4
 13 14 8 11

 5 1 2 3
 7 9 12 4
 6 10 15 0
 13 14 8 11

 5 1 2 3
 7 9 12 4
 6 10 0 15
 13 14 8 11

 5 1 2 3
 7 9 12 4
 6 0 10 15
 13 14 8 11

 5 1 2 3
 7 0 12 4
 6 9 10 15
 13 14 8 11

 5 1 2 3
 0 7 12 4
 6 9 10 15
 13 14 8 11

 5 1 2 3
 6 7 12 4
 0 9 10 15
 13 14 8 11

 5 1 2 3
 6 7 12 4
 9 0 10 15
 13 14 8 11

 5 1 2 3
 6 7 12 4
 9 10 0 15
 13 14 8 11

 5 1 2 3
 6 7 12 4
 9 10 8 15
 13 14 0 11

 5 1 2 3
 6 7 12 4
 9 10 8 15
 13 14 11 0

 5 1 2 3
 6 7 12 4
 9 10 8 0
 13 14 11 15

 5 1 2 3
 6 7 12 4
 9 10 0 8
 13 14 11 15

 5 1 2 3
 6 7 0 4
 9 10 12 8
 13 14 11 15

 5 1 2 3
 6 0 7 4
 9 10 12 8
 13 14 11 15

 5 1 2 3
 0 6 7 4
 9 10 12 8
 13 14 11 15

 0 1 2 3
 5 6 7 4
 9 10 12 8
 13 14 11 15

 1 0 2 3
 5 6 7 4
 9 10 12 8
 13 14 11 15

 1 2 0 3
 5 6 7 4
 9 10 12 8
 13 14 11 15

 1 2 3 0
 5 6 7 4
 9 10 12 8
 13 14 11 15

 1 2 3 4
 5 6 7 0
 9 10 12 8
 13 14 11 15

 1 2 3 4
 5 6 7 8
 9 10 12 0
 13 14 11 15

 1 2 3 4
 5 6 7 8
 9 10 0 12
 13 14 11 15

 1 2 3 4
 5 6 7 8
 9 10 11 12
 13 14 0 15

 1 2 3 4
 5 6 7 8
 9 10 11 12
 13 14 15 0

total number of swaps: 31
total time taken (in nanoseconds): 20307025
total explored nodes (nodes in closedList): 5005

-- result using Misplacement Heuristic --

path from initial state to goal state:

 5 1 3 12
 0 7 9 2
 6 10 15 4
 13 14 8 11

 5 1 3 12
 7 0 9 2
 6 10 15 4
 13 14 8 11

 5 1 3 12
 7 9 0 2
 6 10 15 4
 13 14 8 11

 5 1 3 12
 7 9 2 0
 6 10 15 4
 13 14 8 11

 5 1 3 0
 7 9 2 12
 6 10 15 4
 13 14 8 11

 5 1 0 3
 7 9 2 12
 6 10 15 4
 13 14 8 11

 5 1 2 3
 7 9 0 12
 6 10 15 4
 13 14 8 11

 5 1 2 3
 7 9 12 0
 6 10 15 4
 13 14 8 11

 5 1 2 3
 7 9 12 4
 6 10 15 0
 13 14 8 11

 5 1 2 3
 7 9 12 4
 6 10 0 15
 13 14 8 11

 5 1 2 3
 7 9 12 4
 6 0 10 15
 13 14 8 11

 5 1 2 3
 7 0 12 4
 6 9 10 15
 13 14 8 11

 5 1 2 3
 0 7 12 4
 6 9 10 15
 13 14 8 11

 5 1 2 3
 6 7 12 4
 0 9 10 15
 13 14 8 11

 5 1 2 3
 6 7 12 4
 9 0 10 15
 13 14 8 11

 5 1 2 3
 6 7 12 4
 9 10 0 15
 13 14 8 11

 5 1 2 3
 6 7 12 4
 9 10 8 15
 13 14 0 11

 5 1 2 3
 6 7 12 4
 9 10 8 15
 13 14 11 0

 5 1 2 3
 6 7 12 4
 9 10 8 0
 13 14 11 15

 5 1 2 3
 6 7 12 4
 9 10 0 8
 13 14 11 15

 5 1 2 3
 6 7 0 4
 9 10 12 8
 13 14 11 15

 5 1 2 3
 6 0 7 4
 9 10 12 8
 13 14 11 15

 5 1 2 3
 0 6 7 4
 9 10 12 8
 13 14 11 15

 0 1 2 3
 5 6 7 4
 9 10 12 8
 13 14 11 15

 1 0 2 3
 5 6 7 4
 9 10 12 8
 13 14 11 15

 1 2 0 3
 5 6 7 4
 9 10 12 8
 13 14 11 15

 1 2 3 0
 5 6 7 4
 9 10 12 8
 13 14 11 15

 1 2 3 4
 5 6 7 0
 9 10 12 8
 13 14 11 15

 1 2 3 4
 5 6 7 8
 9 10 12 0
 13 14 11 15

 1 2 3 4
 5 6 7 8
 9 10 0 12
 13 14 11 15

 1 2 3 4
 5 6 7 8
 9 10 11 12
 13 14 0 15

 1 2 3 4
 5 6 7 8
 9 10 11 12
 13 14 15 0

total number of swaps: 31
total time taken (in nanoseconds): 14026683602
total explored nodes (nodes in closedList): 1285922

