-- result using Manhattan Heuristic --

path from initial state to goal state:

 2 5 8 11
 9 0 13 7
 15 1 4 10
 3 14 6 12

 2 5 8 11
 9 13 0 7
 15 1 4 10
 3 14 6 12

 2 5 8 11
 9 13 4 7
 15 1 0 10
 3 14 6 12

 2 5 8 11
 9 13 4 7
 15 0 1 10
 3 14 6 12

 2 5 8 11
 9 13 4 7
 0 15 1 10
 3 14 6 12

 2 5 8 11
 9 13 4 7
 3 15 1 10
 0 14 6 12

 2 5 8 11
 9 13 4 7
 3 15 1 10
 14 0 6 12

 2 5 8 11
 9 13 4 7
 3 0 1 10
 14 15 6 12

 2 5 8 11
 9 0 4 7
 3 13 1 10
 14 15 6 12

 2 5 8 11
 0 9 4 7
 3 13 1 10
 14 15 6 12

 2 5 8 11
 3 9 4 7
 0 13 1 10
 14 15 6 12

 2 5 8 11
 3 9 4 7
 13 0 1 10
 14 15 6 12

 2 5 8 11
 3 9 4 7
 13 1 0 10
 14 15 6 12

 2 5 8 11
 3 9 4 7
 13 1 6 10
 14 15 0 12

 2 5 8 11
 3 9 4 7
 13 1 6 10
 14 0 15 12

 2 5 8 11
 3 9 4 7
 13 1 6 10
 0 14 15 12

 2 5 8 11
 3 9 4 7
 0 1 6 10
 13 14 15 12

 2 5 8 11
 3 9 4 7
 1 0 6 10
 13 14 15 12

 2 5 8 11
 3 0 4 7
 1 9 6 10
 13 14 15 12

 2 5 8 11
 0 3 4 7
 1 9 6 10
 13 14 15 12

 2 5 8 11
 1 3 4 7
 0 9 6 10
 13 14 15 12

 2 5 8 11
 1 3 4 7
 9 0 6 10
 13 14 15 12

 2 5 8 11
 1 3 4 7
 9 6 0 10
 13 14 15 12

 2 5 8 11
 1 3 4 7
 9 6 10 0
 13 14 15 12

 2 5 8 11
 1 3 4 0
 9 6 10 7
 13 14 15 12

 2 5 8 0
 1 3 4 11
 9 6 10 7
 13 14 15 12

 2 5 0 8
 1 3 4 11
 9 6 10 7
 13 14 15 12

 2 5 4 8
 1 3 0 11
 9 6 10 7
 13 14 15 12

 2 5 4 8
 1 0 3 11
 9 6 10 7
 13 14 15 12

 2 0 4 8
 1 5 3 11
 9 6 10 7
 13 14 15 12

 0 2 4 8
 1 5 3 11
 9 6 10 7
 13 14 15 12

 1 2 4 8
 0 5 3 11
 9 6 10 7
 13 14 15 12

 1 2 4 8
 5 0 3 11
 9 6 10 7
 13 14 15 12

 1 2 4 8
 5 6 3 11
 9 0 10 7
 13 14 15 12

 1 2 4 8
 5 6 3 11
 9 10 0 7
 13 14 15 12

 1 2 4 8
 5 6 3 11
 9 10 7 0
 13 14 15 12

 1 2 4 8
 5 6 3 0
 9 10 7 11
 13 14 15 12

 1 2 4 0
 5 6 3 8
 9 10 7 11
 13 14 15 12

 1 2 0 4
 5 6 3 8
 9 10 7 11
 13 14 15 12

 1 2 3 4
 5 6 0 8
 9 10 7 11
 13 14 15 12

 1 2 3 4
 5 6 7 8
 9 10 0 11
 13 14 15 12

 1 2 3 4
 5 6 7 8
 9 10 11 0
 13 14 15 12

 1 2 3 4
 5 6 7 8
 9 10 11 12
 13 14 15 0

total number of swaps: 42
total time taken (in nanoseconds): 857455872
total explored nodes (nodes in closedList): 73301

-- result using Manhattan Heuristic --

path from initial state to goal state:

 11 0 3 13
 10 7 1 8
 6 2 15 4
 9 5 14 12

 0 11 3 13
 10 7 1 8
 6 2 15 4
 9 5 14 12

 10 11 3 13
 0 7 1 8
 6 2 15 4
 9 5 14 12

 10 11 3 13
 7 0 1 8
 6 2 15 4
 9 5 14 12

 10 11 3 13
 7 1 0 8
 6 2 15 4
 9 5 14 12

 10 11 3 13
 7 1 8 0
 6 2 15 4
 9 5 14 12

 10 11 3 0
 7 1 8 13
 6 2 15 4
 9 5 14 12

 10 11 0 3
 7 1 8 13
 6 2 15 4
 9 5 14 12

 10 0 11 3
 7 1 8 13
 6 2 15 4
 9 5 14 12

 10 1 11 3
 7 0 8 13
 6 2 15 4
 9 5 14 12

 10 1 11 3
 0 7 8 13
 6 2 15 4
 9 5 14 12

 0 1 11 3
 10 7 8 13
 6 2 15 4
 9 5 14 12

 1 0 11 3
 10 7 8 13
 6 2 15 4
 9 5 14 12

 1 7 11 3
 10 0 8 13
 6 2 15 4
 9 5 14 12

 1 7 11 3
 10 2 8 13
 6 0 15 4
 9 5 14 12

 1 7 11 3
 10 2 8 13
 6 5 15 4
 9 0 14 12

 1 7 11 3
 10 2 8 13
 6 5 15 4
 9 14 0 12

 1 7 11 3
 10 2 8 13
 6 5 0 4
 9 14 15 12

 1 7 11 3
 10 2 0 13
 6 5 8 4
 9 14 15 12

 1 7 11 3
 10 2 13 0
 6 5 8 4
 9 14 15 12

 1 7 11 3
 10 2 13 4
 6 5 8 0
 9 14 15 12

 1 7 11 3
 10 2 13 4
 6 5 0 8
 9 14 15 12

 1 7 11 3
 10 2 0 4
 6 5 13 8
 9 14 15 12

 1 7 0 3
 10 2 11 4
 6 5 13 8
 9 14 15 12

 1 0 7 3
 10 2 11 4
 6 5 13 8
 9 14 15 12

 1 2 7 3
 10 0 11 4
 6 5 13 8
 9 14 15 12

 1 2 7 3
 10 5 11 4
 6 0 13 8
 9 14 15 12

 1 2 7 3
 10 5 11 4
 0 6 13 8
 9 14 15 12

 1 2 7 3
 0 5 11 4
 10 6 13 8
 9 14 15 12

 1 2 7 3
 5 0 11 4
 10 6 13 8
 9 14 15 12

 1 2 7 3
 5 6 11 4
 10 0 13 8
 9 14 15 12

 1 2 7 3
 5 6 11 4
 10 13 0 8
 9 14 15 12

 1 2 7 3
 5 6 0 4
 10 13 11 8
 9 14 15 12

 1 2 0 3
 5 6 7 4
 10 13 11 8
 9 14 15 12

 1 2 3 0
 5 6 7 4
 10 13 11 8
 9 14 15 12

 1 2 3 4
 5 6 7 0
 10 13 11 8
 9 14 15 12

 1 2 3 4
 5 6 7 8
 10 13 11 0
 9 14 15 12

 1 2 3 4
 5 6 7 8
 10 13 11 12
 9 14 15 0

 1 2 3 4
 5 6 7 8
 10 13 11 12
 9 14 0 15

 1 2 3 4
 5 6 7 8
 10 13 11 12
 9 0 14 15

 1 2 3 4
 5 6 7 8
 10 0 11 12
 9 13 14 15

 1 2 3 4
 5 6 7 8
 0 10 11 12
 9 13 14 15

 1 2 3 4
 5 6 7 8
 9 10 11 12
 0 13 14 15

 1 2 3 4
 5 6 7 8
 9 10 11 12
 13 0 14 15

 1 2 3 4
 5 6 7 8
 9 10 11 12
 13 14 0 15

 1 2 3 4
 5 6 7 8
 9 10 11 12
 13 14 15 0

total number of swaps: 45
total time taken (in nanoseconds): 4729125755
total explored nodes (nodes in closedList): 575872

