-- result using Manhattan Heuristic --

path from initial state to goal state:

 1 5 4 9
 0 3 2 13
 15 10 11 6
 8 14 7 12

 0 5 4 9
 1 3 2 13
 15 10 11 6
 8 14 7 12

 5 0 4 9
 1 3 2 13
 15 10 11 6
 8 14 7 12

 5 4 0 9
 1 3 2 13
 15 10 11 6
 8 14 7 12

 5 4 2 9
 1 3 0 13
 15 10 11 6
 8 14 7 12

 5 4 2 9
 1 0 3 13
 15 10 11 6
 8 14 7 12

 5 4 2 9
 0 1 3 13
 15 10 11 6
 8 14 7 12

 0 4 2 9
 5 1 3 13
 15 10 11 6
 8 14 7 12

 4 0 2 9
 5 1 3 13
 15 10 11 6
 8 14 7 12

 4 2 0 9
 5 1 3 13
 15 10 11 6
 8 14 7 12

 4 2 3 9
 5 1 0 13
 15 10 11 6
 8 14 7 12

 4 2 3 9
 5 1 13 0
 15 10 11 6
 8 14 7 12

 4 2 3 0
 5 1 13 9
 15 10 11 6
 8 14 7 12

 4 2 0 3
 5 1 13 9
 15 10 11 6
 8 14 7 12

 4 0 2 3
 5 1 13 9
 15 10 11 6
 8 14 7 12

 4 1 2 3
 5 0 13 9
 15 10 11 6
 8 14 7 12

 4 1 2 3
 5 13 0 9
 15 10 11 6
 8 14 7 12

 4 1 2 3
 5 13 9 0
 15 10 11 6
 8 14 7 12

 4 1 2 3
 5 13 9 6
 15 10 11 0
 8 14 7 12

 4 1 2 3
 5 13 9 6
 15 10 0 11
 8 14 7 12

 4 1 2 3
 5 13 9 6
 15 10 7 11
 8 14 0 12

 4 1 2 3
 5 13 9 6
 15 10 7 11
 8 14 12 0

 4 1 2 3
 5 13 9 6
 15 10 7 0
 8 14 12 11

 4 1 2 3
 5 13 9 6
 15 10 0 7
 8 14 12 11

 4 1 2 3
 5 13 9 6
 15 0 10 7
 8 14 12 11

 4 1 2 3
 5 13 9 6
 15 14 10 7
 8 0 12 11

 4 1 2 3
 5 13 9 6
 15 14 10 7
 8 12 0 11

 4 1 2 3
 5 13 9 6
 15 14 0 7
 8 12 10 11

 4 1 2 3
 5 13 9 6
 15 0 14 7
 8 12 10 11

 4 1 2 3
 5 13 9 6
 0 15 14 7
 8 12 10 11

 4 1 2 3
 5 13 9 6
 8 15 14 7
 0 12 10 11

 4 1 2 3
 5 13 9 6
 8 15 14 7
 12 0 10 11

 4 1 2 3
 5 13 9 6
 8 0 14 7
 12 15 10 11

 4 1 2 3
 5 13 9 6
 8 14 0 7
 12 15 10 11

 4 1 2 3
 5 13 9 6
 8 14 10 7
 12 15 0 11

 4 1 2 3
 5 13 9 6
 8 14 10 7
 12 0 15 11

 4 1 2 3
 5 13 9 6
 8 0 10 7
 12 14 15 11

 4 1 2 3
 5 0 9 6
 8 13 10 7
 12 14 15 11

 4 1 2 3
 5 9 0 6
 8 13 10 7
 12 14 15 11

 4 1 2 3
 5 9 6 0
 8 13 10 7
 12 14 15 11

 4 1 2 3
 5 9 6 7
 8 13 10 0
 12 14 15 11

 4 1 2 3
 5 9 6 7
 8 13 10 11
 12 14 15 0

 4 1 2 3
 5 9 6 7
 8 13 10 11
 12 14 0 15

 4 1 2 3
 5 9 6 7
 8 13 10 11
 12 0 14 15

 4 1 2 3
 5 9 6 7
 8 0 10 11
 12 13 14 15

 4 1 2 3
 5 0 6 7
 8 9 10 11
 12 13 14 15

 4 1 2 3
 0 5 6 7
 8 9 10 11
 12 13 14 15

 0 1 2 3
 4 5 6 7
 8 9 10 11
 12 13 14 15

total number of swaps: 47
total time taken (in nanoseconds): 3029208482
total explored nodes (nodes in closedList): 303598

