1 2 3 4 5 6 7 8 9 10 11 12 13 14 15 0 (goal)

-- both by manhattan and misplacement --

1 2 3 4 5 6 7 8 9 10 11 12 13 14 0 15 (1)
0 2 3 4 1 6 7 8 5 10 11 12 9 13 14 15 (6)
0 2 3 4 1 5 7 8 10 6 11 12 9 13 14 15 (8)
2 6 5 4 1 0 3 8 9 10 7 11 13 14 15 12 (12)
5 1 14 4 3 0 2 10 9 6 8 7 13 15 11 12 (24)

6 2 8 11 3 0 12 4 1 5 14 7 9 10 13 15 (30)
5 1 3 12 0 7 9 2 6 10 15 4 13 14 8 11 (31)

-- only by manhattan --

2 5 8 11 9 0 13 7 15 1 4 10 3 14 6 12 (42)
11 0 3 13 10 7 1 8 6 2 15 4 9 5 14 12 (45)

-- only by manhattan & not standard goal --

0 1 2 3 4 5 6 7 8 9 10 11 12 13 14 15 (goal)
1 5 4 9 0 3 2 13 15 10 11 6 8 14 7 12 (47)
